# Trouble in Terrorist Town weapon/ammo placement overrides
# For map: ahl2_airport
# Exported by: Reverend Jesse V92
setting:	replacespawns 1
weapon_ttt_smokegrenade	379.033966 -210.621765 33.166473	-2.321 -1.370 -1.269
weapon_ttt_smokegrenade	-380.014465 281.678741 32.159451	-2.578 -1.238 -1.410
weapon_ttt_smokegrenade	-380.040466 270.957367 32.166473	-2.320 -1.370 -1.269
weapon_ttt_smokegrenade	-663.884155 536.253723 20.773611	-25.504 -142.291 87.442
weapon_ttt_smokegrenade	15.861862 1990.708618 160.153015	-2.494 -1.231 -1.795
weapon_ttt_smokegrenade	-830.824768 45.400314 0.149470	-2.614 -1.175 -1.876
ttt_random_weapon	452.012177 904.043335 179.813217	0.412 2.528 -99.019
ttt_random_weapon	566.487976 943.535706 180.313141	-1.855 16.501 84.191
ttt_random_weapon	476.682281 1199.641235 180.531921	0.365 2.516 -99.280
ttt_random_weapon	575.914734 1161.794067 180.832199	-3.295 2.792 -35.604
ttt_random_weapon	-217.938965 1235.155884 180.899979	-3.402 3.657 -34.749
ttt_random_weapon	-440.880341 895.187195 179.786255	-0.269 2.995 -98.785
ttt_random_weapon	-768.389832 495.454590 340.065857	-0.345 2.782 -99.034
ttt_random_weapon	-583.138672 1526.359497 421.636230	-4.457 0.924 -11.789
ttt_random_weapon	-59.283283 1526.895508 437.345825	-4.436 0.813 -12.464
ttt_random_weapon	570.676208 1518.713013 420.093781	0.340 2.500 -99.415
ttt_random_weapon	876.886353 499.409821 340.531525	0.302 2.550 -99.625
ttt_random_weapon	-12.067220 2011.853882 161.284073	1.001 2.897 -97.546
item_ammo_smg1_ttt	381.682587 315.651306 32.484760	-0.795 0.003 -0.644
item_ammo_smg1_ttt	381.614594 294.551910 32.518848	-0.232 0.013 -0.199
item_ammo_smg1_ttt	-522.306213 877.391968 17.311296	-0.718 -0.021 -0.431
item_ammo_smg1_ttt	-507.518768 877.383057 17.252920	-0.189 -0.020 -0.072
item_ammo_smg1_ttt	503.636932 1691.713989 179.212723	-0.185 0.167 0.023
item_ammo_smg1_ttt	469.111053 1726.220947 179.274719	0.093 1.260 0.212
item_ammo_smg1_ttt	977.509644 2358.568604 197.093170	-0.487 0.004 0.205
item_ammo_smg1_ttt	-12.486213 1958.658936 160.503128	-0.803 0.013 -0.601
item_ammo_smg1_ttt	-470.772766 1331.117554 179.226517	-0.222 -0.015 -0.116
item_ammo_smg1_ttt	-439.923889 1331.104614 179.192734	-0.061 -0.009 -0.027
weapon_ttt_m16	175.472977 235.553284 32.863647	2.126 -5.693 83.905
weapon_ttt_m16	-185.362045 239.550323 32.861748	2.150 -5.702 83.924
weapon_ttt_m16	-546.949890 2515.174561 179.618439	2.047 -5.704 83.595
item_box_buckshot_ttt	-357.796265 243.169022 32.426109	-0.682 -0.007 0.605
item_box_buckshot_ttt	-334.464355 232.593750 32.390484	1.055 0.011 0.925
item_box_buckshot_ttt	-310.503998 239.441208 32.357494	-1.024 -0.001 -0.823
item_box_buckshot_ttt	-286.684174 240.095352 32.349632	-0.701 -0.003 -0.559
item_box_buckshot_ttt	283.866699 878.997559 16.927536	-0.711 -0.005 0.571
item_box_buckshot_ttt	304.623810 881.445068 16.884916	-0.746 -0.005 0.677
item_box_buckshot_ttt	328.505096 881.436951 16.870832	0.765 -0.114 -0.539
item_box_buckshot_ttt	156.611954 2058.211914 400.433655	-0.623 -0.007 0.552
item_box_buckshot_ttt	161.943832 2034.333740 400.380249	-0.041 0.002 0.119
item_box_buckshot_ttt	160.227356 2010.340088 400.383484	-0.618 -0.005 0.587
ttt_random_ammo	483.032776 898.973328 178.846375	0.045 0.000 -0.026
ttt_random_ammo	495.189697 898.573853 178.894089	0.315 0.002 0.328
ttt_random_ammo	422.086365 896.934387 178.972122	0.506 0.021 0.609
ttt_random_ammo	553.421936 920.817322 178.882843	0.120 0.000 0.085
ttt_random_ammo	592.470154 976.552979 178.890244	0.215 0.001 0.204
ttt_random_ammo	446.110931 1201.093018 179.654648	1.264 0.032 1.516
ttt_random_ammo	415.314819 1207.093018 179.593414	0.086 -0.000 -0.040
ttt_random_ammo	545.427673 1194.358521 178.829987	0.046 -0.000 0.033
ttt_random_ammo	560.397400 1177.404053 178.839508	0.045 0.000 -0.030
ttt_random_ammo	-253.611191 1227.456299 178.861221	0.052 0.000 -0.010
ttt_random_ammo	-172.310120 1232.111572 178.945602	1.074 0.029 1.291
ttt_random_ammo	-484.884766 897.976807 178.844116	0.045 0.000 -0.027
ttt_random_ammo	-408.897186 893.374207 178.870819	0.066 0.000 0.012
ttt_random_ammo	-842.191223 493.841400 339.157196	0.082 0.000 0.034
ttt_random_ammo	-872.541443 493.174316 339.205841	1.542 -0.041 1.008
ttt_random_ammo	-912.729431 492.976898 339.156403	-0.381 -0.002 0.358
ttt_random_ammo	-615.330994 1523.776489 419.435638	0.070 0.000 0.018
ttt_random_ammo	-540.831421 1525.029053 419.444946	0.805 0.191 0.440
ttt_random_ammo	-100.448463 1525.512085 435.268097	0.020 0.022 0.392
ttt_random_ammo	-15.751238 1525.515869 435.164551	0.248 -0.226 0.140
ttt_random_ammo	486.396729 1524.621704 419.411591	0.046 0.000 -0.024
ttt_random_ammo	454.537354 1524.578247 419.407104	0.045 0.000 -0.027
ttt_random_ammo	841.738342 492.482849 339.616089	-1.030 0.632 -0.841
ttt_random_ammo	905.012878 495.415100 339.551300	0.046 0.000 -0.033
ttt_random_ammo	-19.245787 2028.295044 160.361557	0.067 0.000 0.012
ttt_random_ammo	7.680725 2045.762817 160.361557	0.068 0.000 0.013
weapon_zm_rifle	595.139221 1581.600952 170.659393	-29.859 -26.908 -31.908
weapon_zm_rifle	-169.691223 2065.753418 399.188263	3.455 7.721 65.385
weapon_zm_mac10	386.786682 337.724976 33.286152	-0.386 -50.743 -88.795
weapon_zm_mac10	-551.936829 883.127258 19.973280	35.417 -5.497 -23.030
weapon_zm_mac10	487.305603 1718.550293 179.626358	0.045 -9.321 86.617
weapon_zm_mac10	989.104492 2366.322754 197.895462	-0.510 -53.908 -88.365
weapon_zm_mac10	-20.977148 1975.468140 161.263840	-0.259 -47.613 -88.809
weapon_zm_mac10	-502.415558 1328.828003 179.986969	-0.084 -46.315 -88.308
ttt_playerspawn	102.770645 -358.426788 0.549546	-0.211 -0.095 -0.051
ttt_playerspawn	-79.350098 -359.181580 0.595498	-0.014 0.088 -0.000
ttt_playerspawn	-117.209152 -355.392029 0.548048	-0.245 -0.088 -0.080
ttt_playerspawn	-119.417236 -284.935791 0.550863	-0.229 -0.027 -0.073
ttt_playerspawn	-78.153763 -276.506897 0.518987	0.078 0.000 0.078
ttt_playerspawn	58.435047 -355.738495 0.536923	0.036 0.118 0.236
ttt_playerspawn	53.511292 -284.197815 0.576927	-0.039 -0.065 0.111
ttt_playerspawn	107.539917 -288.132629 0.544675	-0.253 -0.154 -0.077
ttt_playerspawn	118.833237 -233.520584 0.583771	-0.062 0.033 -0.011
ttt_playerspawn	73.687439 -227.740860 0.518987	0.078 0.000 0.078
ttt_playerspawn	26.640020 -224.105530 0.586247	-0.056 -0.068 -0.013
ttt_playerspawn	-24.801769 -221.651627 0.561637	-0.123 -2.523 -0.001
ttt_playerspawn	-78.936783 -215.764908 0.570234	0.025 0.129 0.119
ttt_playerspawn	-119.264397 -212.618500 0.574178	0.161 0.044 0.201
ttt_playerspawn	-166.398453 -280.833862 0.560661	0.010 0.027 0.135
ttt_playerspawn	-212.126984 -324.301025 0.543971	0.018 -0.050 0.196
ttt_playerspawn	-247.444504 -382.277924 0.551300	0.109 -0.155 -0.105
ttt_playerspawn	-286.712952 -384.990814 0.533402	-0.064 0.000 -0.064
ttt_playerspawn	-294.597015 -332.044250 0.520199	-0.076 0.000 -0.076
ttt_playerspawn	-254.878464 -320.691162 0.571284	-0.065 0.149 0.026
ttt_playerspawn	-252.107040 -267.781921 0.558680	-0.081 -0.399 0.149
ttt_playerspawn	-208.934036 -261.265137 0.544415	0.025 -0.042 0.201
ttt_playerspawn	-184.829041 -210.456192 0.552516	0.071 0.108 0.221
ttt_playerspawn	233.532410 -411.602448 0.566752	0.024 0.094 0.129
ttt_playerspawn	233.040955 -356.066833 0.542716	0.055 0.000 0.055
ttt_playerspawn	230.439880 -302.636810 0.594724	-0.003 1.512 -0.019
ttt_playerspawn	189.748581 -284.831451 0.577227	0.109 -0.731 -0.181
ttt_playerspawn	167.210922 -233.307678 0.532400	-0.065 -0.000 0.065
ttt_playerspawn	212.170364 -231.524841 0.576045	-0.023 -0.000 0.023
ttt_playerspawn	181.055984 -185.294037 0.541854	-0.056 -0.000 0.056
ttt_playerspawn	136.254501 -182.294876 0.559126	-0.184 -0.127 -0.055
ttt_playerspawn	93.251450 -180.592010 0.555790	-0.008 0.017 0.139
ttt_playerspawn	48.411095 -179.134262 0.530929	-0.020 0.049 0.239
ttt_playerspawn	3.223040 -177.412384 0.582842	-0.081 0.069 0.027
ttt_playerspawn	-35.400604 -176.383713 0.587766	0.099 -0.167 -0.061
ttt_playerspawn	-73.254013 -175.508453 0.580882	0.064 -0.009 -0.007
ttt_playerspawn	-113.610832 -173.911331 0.564426	-0.037 -0.121 0.050
ttt_playerspawn	-151.890823 -172.844635 0.558124	-0.159 -0.282 -0.027
ttt_playerspawn	-190.166672 -171.604141 0.574000	0.083 0.165 -0.001
ttt_playerspawn	-234.220123 -218.022263 0.559289	0.023 0.122 0.151
ttt_playerspawn	-291.786682 -279.272217 0.533411	-0.064 -0.000 0.064
ttt_playerspawn	-290.336731 -210.081161 0.576401	-0.022 -0.000 0.023
ttt_playerspawn	-288.964630 -167.789261 0.523728	-0.073 0.000 -0.073
ttt_playerspawn	-247.559845 -154.621613 0.528619	-0.245 0.066 -0.018
item_ammo_357_ttt	595.189880 1605.505005 179.139954	0.446 0.055 0.041
item_ammo_357_ttt	578.422791 1623.534790 179.139954	0.446 0.055 0.041
item_ammo_357_ttt	565.063782 1636.940063 179.115051	0.670 -0.059 -0.046
item_ammo_357_ttt	-176.829727 2082.243408 400.315948	0.504 -0.042 0.000
item_ammo_357_ttt	-180.413589 2097.206299 400.319366	0.447 0.072 0.061
item_ammo_357_ttt	-176.946259 2126.323242 400.337494	0.503 -0.022 0.005
item_ammo_pistol_ttt	200.689972 240.413803 32.421444	0.619 0.201 -0.238
item_ammo_pistol_ttt	217.672577 240.424728 32.440639	0.561 -0.216 0.085
item_ammo_pistol_ttt	240.754913 240.385620 32.436684	1.084 0.094 -0.053
item_ammo_pistol_ttt	376.083099 243.034210 32.358608	-0.122 -0.019 -0.037
item_ammo_pistol_ttt	388.933014 243.287735 32.360706	-0.121 -0.019 -0.037
item_ammo_pistol_ttt	551.025635 -96.846481 33.423187	0.815 -1.774 0.232
item_ammo_pistol_ttt	560.740540 -98.518738 33.364815	-0.117 -0.019 -0.035
item_ammo_pistol_ttt	-153.216324 239.953812 32.476501	-0.772 0.399 -0.241
item_ammo_pistol_ttt	-161.255203 238.592041 32.402687	-0.084 -0.020 -0.025
item_ammo_pistol_ttt	-143.253296 235.068741 32.444523	-0.443 0.137 -0.488
item_ammo_pistol_ttt	-13.368312 882.062439 193.354294	0.126 0.019 -0.038
item_ammo_pistol_ttt	3.807115 883.486877 193.345306	-0.134 -0.019 -0.041
item_ammo_pistol_ttt	16.822075 883.799500 193.340591	-0.138 -0.019 -0.042
item_ammo_pistol_ttt	-65.003822 901.750427 193.411118	0.017 0.031 0.002
item_ammo_pistol_ttt	54.958500 890.477966 193.373276	-0.141 0.048 0.007
item_ammo_pistol_ttt	997.735168 1900.119751 196.991928	-0.108 -0.021 -0.019
item_ammo_pistol_ttt	-1008.213867 2366.920898 198.895554	0.129 0.022 -0.038
item_ammo_pistol_ttt	-984.576172 2352.136963 198.957550	0.154 0.013 -0.041
item_ammo_pistol_ttt	-595.839844 2510.283203 179.210846	-0.492 0.052 -0.384
item_ammo_pistol_ttt	-623.031250 2510.270020 179.224380	-0.797 0.060 -0.546
weapon_zm_molotov	401.444458 -226.958328 33.171055	-2.152 -1.401 -1.177
weapon_zm_molotov	-379.945801 339.651520 32.168346	-2.252 -1.362 -1.231
weapon_zm_molotov	-378.636749 328.068665 32.191807	-1.392 -1.488 -0.761
weapon_zm_molotov	-384.777496 322.679260 33.785084	-47.673 40.790 -87.075
weapon_zm_molotov	960.922302 2360.425781 196.789352	-0.752 -1.810 -0.876
weapon_zm_molotov	-0.264095 127.406937 0.158564	-2.313 -1.299 -1.665
weapon_ttt_confgrenade	502.679932 -219.320877 35.144302	-36.489 -55.999 -91.151
weapon_ttt_confgrenade	-382.264679 308.282135 34.082119	-35.539 -56.913 -89.695
weapon_ttt_confgrenade	-381.034790 301.847839 34.110001	-35.965 -56.517 -90.340
weapon_ttt_confgrenade	1006.455444 1893.710815 198.728485	-35.984 -55.734 -90.262
weapon_ttt_confgrenade	-462.628357 -229.177963 35.133419	-36.323 -56.167 -90.892
item_ammo_revolver_ttt	549.757629 -165.241882 33.358746	0.455 0.059 0.045
item_ammo_revolver_ttt	557.052002 -154.832565 33.357044	0.455 0.059 0.045
item_ammo_revolver_ttt	-982.603149 1884.808105 198.911682	0.427 0.056 0.038
item_ammo_revolver_ttt	-1007.823792 1896.036621 198.917328	0.429 0.056 0.036
item_ammo_revolver_ttt	-561.275391 -114.962997 33.362064	0.456 0.058 0.043
item_ammo_revolver_ttt	-555.058105 -93.825142 33.348160	0.453 0.061 0.049
weapon_zm_shotgun	-385.397949 242.525665 33.377922	-1.653 -8.278 -86.901
weapon_zm_shotgun	253.338806 886.119690 14.327745	9.359 -0.724 -2.855
weapon_zm_shotgun	162.401657 2081.138916 400.958282	-0.361 -8.921 -82.836
weapon_zm_sledge	295.507233 238.652710 29.808449	18.634 -0.366 2.992
weapon_zm_sledge	-0.458642 1092.066895 190.734543	18.179 -0.372 2.761
weapon_zm_sledge	-0.603088 2280.479492 157.808456	18.634 -0.309 2.992
weapon_zm_sledge	3.395653 1057.664307 -4.191552	18.634 -0.335 2.992
weapon_zm_revolver	540.073853 -180.722229 33.851212	2.222 -18.469 -84.100
weapon_zm_revolver	-999.558105 1888.436157 199.539230	1.877 -20.613 -86.009
weapon_zm_revolver	-563.874390 -133.172623 33.845654	2.220 -18.437 -84.044
weapon_ttt_glock	355.560181 242.866318 33.109093	-0.585 25.636 91.119
weapon_ttt_glock	29.440248 893.478821 194.112930	-0.816 25.596 91.596
weapon_ttt_glock	-47.668861 897.741028 194.114883	-0.919 25.555 91.812
weapon_ttt_glock	995.231750 1885.743896 197.732239	-0.045 25.916 90.969
weapon_ttt_glock	-1001.760620 2360.584473 199.680145	-0.779 25.640 91.423
weapon_zm_pistol	550.095581 -118.248817 33.978615	0.080 -37.481 -90.028
